[ColorEffects:Disabled]
Color=56,56,56
ColorAmount=0
ColorEffect=0
ContrastAmount=0.65
ContrastEffect=1
IntensityAmount=0.1
IntensityEffect=2

[ColorEffects:Inactive]
ChangeSelectionColor=true
Color=112,111,110
ColorAmount=0.025000000000000001
ColorEffect=2
ContrastAmount=0.10000000000000001
ContrastEffect=2
Enable=false
IntensityAmount=0
IntensityEffect=0

[Colors:Button]
BackgroundAlternate=60,142,188
BackgroundNormal=60,68,84
DecorationFocus=61,174,233
DecorationHover=61,174,233
ForegroundActive=61,174,233
ForegroundInactive=102,106,115
ForegroundLink=183,220,251
ForegroundNegative=191,97,106
ForegroundNeutral=208,135,112
ForegroundNormal=216,222,233
ForegroundPositive=163,190,140
ForegroundVisited=82,148,226

[Colors:Complementary]
DecorationFocus=61,174,233
DecorationHover=61,174,233
ForegroundActive=61,174,233
ForegroundLink=61,174,233

[Colors:Selection]
BackgroundAlternate=62,144,191
BackgroundNormal=62,144,191
DecorationFocus=61,174,233
DecorationHover=61,174,233
ForegroundActive=61,174,233
ForegroundInactive=0,0,0
ForegroundLink=183,220,251
ForegroundNegative=191,97,106
ForegroundNeutral=208,135,112
ForegroundNormal=0,0,0
ForegroundPositive=163,190,140
ForegroundVisited=189,195,199

[Colors:Tooltip]
BackgroundAlternate=47,52,63
BackgroundNormal=53,57,69
DecorationFocus=61,174,233
DecorationHover=61,174,233
ForegroundActive=61,174,233
ForegroundInactive=102,106,115
ForegroundLink=183,220,251
ForegroundNegative=191,97,106
ForegroundNeutral=208,135,112
ForegroundNormal=211,218,227
ForegroundPositive=163,190,140
ForegroundVisited=82,148,226

[Colors:View]
BackgroundAlternate=60,67,83
BackgroundNormal=67,76,94
DecorationFocus=61,174,233
DecorationHover=61,174,233
ForegroundActive=61,174,233
ForegroundInactive=102,106,115
ForegroundLink=183,220,251
ForegroundNegative=191,97,106
ForegroundNeutral=208,135,112
ForegroundNormal=216,222,233
ForegroundPositive=163,190,140
ForegroundVisited=124,183,255

[Colors:Window]
BackgroundAlternate=47,52,63
BackgroundNormal=59,66,82
DecorationFocus=61,174,233
DecorationHover=61,174,233
ForegroundActive=61,174,233
ForegroundInactive=102,106,115
ForegroundLink=183,220,251
ForegroundNegative=191,97,106
ForegroundNeutral=208,135,112
ForegroundNormal=216,222,233
ForegroundPositive=163,190,140
ForegroundVisited=104,165,201

[General]
AccentColor=61,174,233
ColorScheme=Kiro-Nordic
Name=Kiro-Nordic
shadeSortColumn=true

[KDE]
LookAndFeelPackage=Kiro-Nordic
contrast=4

[WM]
activeBackground=47,52,63
activeBlend=47,52,63
activeForeground=211,218,227
inactiveBackground=47,52,63
inactiveBlend=47,52,63
inactiveForeground=102,106,115
